30
6
5 2 4 6 3 1
6
2 4 8 16 32 64
3
1 1 1
3
200000 200000 200000
200
0 0 0 0 0 0 0 0 0 0 0 0 0 0 0 0 0 0 0 0 0 0 0 0 0 0 0 0 0 0 0 0 0 0 0 0 0 0 0 0 0 0 0 0 0 0 0 0 0 0 0 0 0 0 0 0 0 0 0 0 0 0 0 0 0 0 0 0 0 0 0 0 0 0 0 0 0 0 0 0 0 0 0 0 0 0 0 0 0 0 0 0 0 0 0 0 0 0 0 0 141427 115043 84403 92579 192377 86702 109196 37097 185671 103256 166260 18861 183838 55234 46922 194844 107122 96640 135025 49507 15553 118520 7440 41940 109052 164472 158681 27888 65832 127372 105197 178503 82381 33436 48987 98940 140583 144293 47973 98713 25652 153227 59832 42049 191224 108862 89840 138 197957 87980 190537 89962 45007 2642 134791 38511 178839 113090 157501 195249 9530 101019 128943 116416 180236 1819 47109 155838 118581 6143 15063 146456 176337 195327 198814 97687 197183 48692 152231 38549 39301 68536 164332 130058 190295 6391 27854 42639 151120 1287 133443 42636 39001 70066 8822 10335 83098 105728 108954 75029
200
82093 33202 182185 61630 38483 78058 158059 82766 8825 178871 20058 95134 167168 106815 134567 131991 149057 81012 194792 47728 145742 174640 43161 95963 47107 132087 67191 189885 139767 167106 12664 51076 174248 79035 158513 21304 192244 182680 144580 86837 160990 122628 168819 174707 123298 114760 128250 42077 139798 62856 35047 153491 187320 165569 110599 8075 146953 19633 38307 147689 74388 134556 48868 91285 62289 82409 30913 80153 197863 107375 120421 16413 148161 34846 100978 177104 133266 60931 103138 139825 181622 146179 145899 179728 114510 72227 174354 136928 112686 33505 161340 57296 102507 47068 147009 140265 97804 191389 65443 72397 107093 143074 197297 36330 180336 53350 170393 184682 146392 185659 196177 112898 157510 64278 185164 54085 23271 149222 121205 91411 8170 15548 129566 21089 83307 44867 12413 170968 90954 122605 100384 101142 195243 77318 59339 153749 851 32139 74826 63722 185396 184768 39033 132792 51735 98119 185433 23264 22262 62806 51808 103356 39887 80761 36919 48898 16550 128575 615 197919 5217 70393 181531 37472 64657 29510 15845 46907 86044 142099 131142 121275 161164 10385 155471 8256 24807 161323 169431 187013 146179 118198 129807 71006 145241 116236 25046 64574 196033 140272 148596 40751 14421 172310 39646 43658 139557 185213 3474 69382
200
94159 92644 84511 190617 124379 83067 8252 158010 19961 160063 180426 31050 114198 169356 17231 157514 62101 86387 122354 157833 144238 101901 126887 128445 47075 111159 30315 112784 61892 86796 188901 140103 55178 99771 43953 161046 34794 97627 60713 108481 138914 22446 13211 29879 94462 118849 141125 172310 12229 175702 31644 98473 133702 184749 28428 123569 140479 159445 146997 191734 23248 118433 39200 102005 116607 129183 75321 22084 86389 85713 85115 53505 15916 137000 58340 54443 40011 115994 97245 134521 145424 178889 2492 66040 105930 109495 133063 17589 129525 77343 131024 76902 46178 146409 122067 106821 101708 180791 166969 142903 138652 159362 38824 136 175364 191061 63074 134268 120651 27664 7691 79069 166332 130460 50312 190778 169500 197661 196869 121739 78444 78451 161720 158433 179586 194679 62305 133975 68265 3981 13305 44316 61681 15385 37320 93709 54022 32030 38408 184769 177968 139076 162447 141121 184610 137399 63344 197047 165284 52823 86109 163841 116777 169687 126572 171184 105067 195316 120349 177966 60046 60678 165202 91354 128467 101546 104606 59204 68193 123163 579 160615 102952 26540 55016 135586 162244 66437 196004 64798 38438 38274 16203 44455 127801 43022 19191 16150 120304 134798 105593 41435 172667 144602 89733 23945 90885 76131 184867 64796
200
1 1 1 1 1 1 1 1 1 1 1 1 1 1 1 1 1 1 1 1 1 1 1 1 1 1 1 1 1 1 1 1 1 1 1 1 1 1 1 1 1 1 1 1 1 1 1 1 1 1 1 1 1 1 1 1 1 1 1 1 1 1 1 1 1 1 1 1 1 1 1 1 1 1 1 1 1 1 1 1 1 1 1 1 1 1 1 1 1 1 1 1 1 1 1 1 1 1 1 1 1 1 1 1 1 1 1 1 1 1 1 1 1 1 1 1 1 1 1 1 1 1 1 1 1 1 1 1 1 1 1 1 1 1 1 1 1 1 1 1 1 1 1 1 1 1 1 1 1 1 1 1 1 1 1 1 1 1 1 1 1 1 1 1 1 1 1 1 1 1 1 1 1 1 1 1 1 1 1 1 1 1 1 1 1 1 1 1 1 1 1 1 1 1 1 1 1 1 1 1
200
131073 65537 131073 131073 131073 65537 65537 131073 131073 131073 65537 65537 65537 131073 65537 65537 65537 131073 65537 131073 131073 131073 131073 131073 65537 131073 131073 65537 131073 65537 131073 131073 131073 131073 131073 65537 65537 65537 65537 65537 65537 131073 131073 131073 65537 131073 65537 65537 65537 65537 131073 65537 131073 65537 131073 65537 65537 131073 65537 131073 65537 131073 65537 65537 131073 65537 131073 131073 65537 131073 65537 65537 131073 131073 131073 131073 65537 65537 65537 65537 65537 131073 65537 131073 65537 65537 131073 65537 65537 131073 131073 131073 65537 65537 131073 65537 131073 131073 131073 131073 131073 65537 65537 131073 65537 65537 131073 65537 65537 131073 131073 65537 131073 131073 65537 131073 131073 131073 65537 131073 131073 131073 65537 65537 131073 65537 65537 65537 65537 131073 131073 131073 65537 65537 131073 131073 65537 65537 65537 65537 65537 131073 131073 65537 131073 131073 131073 65537 65537 131073 65537 65537 131073 65537 65537 65537 65537 131073 131073 131073 65537 65537 131073 131073 65537 131073 65537 131073 65537 65537 131073 131073 131073 65537 131073 131073 131073 65537 131073 131073 131073 131073 65537 131073 65537 131073 131073 131073 65537 65537 131073 131073 131073 131073 65537 65537 131073 65537 65537 131073
200
200000 200000 200000 200000 200000 200000 200000 200000 200000 200000 200000 200000 200000 200000 200000 200000 200000 200000 200000 200000 200000 200000 200000 200000 200000 200000 200000 200000 200000 200000 200000 200000 200000 200000 200000 200000 200000 200000 200000 200000 200000 200000 200000 200000 200000 200000 200000 200000 200000 200000 200000 200000 200000 200000 200000 200000 200000 200000 200000 200000 200000 200000 200000 200000 200000 200000 200000 200000 200000 200000 200000 200000 200000 200000 200000 200000 200000 200000 200000 200000 200000 200000 200000 200000 200000 200000 200000 200000 200000 200000 200000 200000 200000 200000 200000 200000 200000 200000 200000 200000 200000 200000 200000 200000 200000 200000 200000 200000 200000 200000 200000 200000 200000 200000 200000 200000 200000 200000 200000 200000 200000 200000 200000 200000 200000 200000 200000 200000 200000 200000 200000 200000 200000 200000 200000 200000 200000 200000 200000 200000 200000 200000 200000 200000 200000 200000 200000 200000 200000 200000 200000 200000 200000 200000 200000 200000 200000 200000 200000 200000 200000 200000 200000 200000 200000 200000 200000 200000 200000 200000 200000 200000 200000 200000 200000 200000 200000 200000 200000 200000 200000 200000 200000 200000 200000 200000 200000 200000 200000 200000 200000 200000 200000 200000 200000 200000 200000 200000 200000 200000
200
114394 55877 65697 143968 135472 30767 116597 122126 144133 6094 92702 150712 145995 165411 53170 59253 145250 98732 78932 100479 150292 179121 44914 13178 35652 12484 101728 20059 34525 93855 76915 903 18094 112416 167153 153763 123401 51776 182892 92220 126108 60765 181853 1695 97879 158004 113314 34806 163145 161825 121387 48325 180734 100067 65958 140710 24322 13127 7420 196686 154174 41564 163650 192367 27475 61798 113882 49023 151050 156417 197172 13780 57790 48790 24147 11944 108303 45749 160250 94867 595 111384 92374 112217 123778 137333 125802 115565 118048 54212 188454 115748 187326 51323 145471 116 191739 163275 13567 160150 146060 194740 172532 84412 143675 115636 107207 63436 146380 145019 20778 154751 158069 163705 117884 11455 129689 151354 68286 32065 176958 183596 183104 111112 114919 76061 38047 25491 178733 100067 93049 111360 32222 89119 117330 141950 92945 109003 33358 24810 82807 22600 41790 6031 147804 163882 169607 182954 19519 137173 32151 154031 56307 46018 71044 62506 189067 151216 61677 148888 166819 48164 104113 106936 147049 126009 191387 53472 98806 162356 115435 187459 6860 56791 59471 171927 152229 46115 105446 78271 118114 1174 12230 95257 159282 164993 170523 41862 6852 184911 126616 110746 181203 58055 65695 128387 111630 51381 106944 108973
200
0 0 0 0 0 0 0 0 0 0 0 0 0 0 0 0 0 0 0 0 0 0 0 0 0 0 0 0 0 0 0 0 0 0 0 0 0 0 0 0 0 0 0 0 0 0 0 0 0 0 0 0 0 0 0 0 0 0 0 0 0 0 0 0 0 0 0 0 0 0 0 0 0 0 0 0 0 0 0 0 0 0 0 0 0 0 0 0 0 0 0 0 0 0 0 0 0 0 0 0 0 0 0 0 0 0 0 0 0 0 0 0 0 0 0 0 0 0 0 0 0 0 0 0 0 0 0 0 0 0 0 0 0 0 0 0 0 0 0 0 0 0 0 0 0 0 0 0 0 0 0 0 0 0 0 0 0 0 0 0 0 0 0 0 0 0 0 0 0 0 0 0 0 0 0 0 0 0 0 0 0 0 0 0 0 0 0 0 0 0 0 0 0 0 0 0 0 0 0 0
200
32077 194466 91737 273 35511 37032 183679 166554 13192 22016 63663 87010 69632 127307 161209 63576 183283 166997 163870 25848 26972 181733 102458 90612 71396 139971 90771 78981 47318 160991 131989 58955 46072 22589 30143 33734 1532 87900 110236 130519 144858 131162 21951 10041 1466 30950 68268 40064 123932 103664 123938 84820 165434 69302 73565 197481 78788 139619 54194 16423 22862 152308 18706 161866 52022 122485 168082 56396 117799 192188 16306 23287 107635 66711 89536 81481 156401 59015 26132 43313 40466 163404 59839 15946 188373 45373 131751 186726 198544 7234 64067 37099 3713 4682 197901 12101 22449 105218 198905 89515 184618 57665 84637 79756 2327 107172 51989 119158 51023 113962 98090 161273 34857 109068 9143 115526 72237 175112 128576 178289 145130 46376 147747 87580 171521 137667 19665 74217 195840 50205 190438 122307 196928 76813 167221 136880 36835 152640 82073 21050 87435 143585 72131 104625 18455 171713 58265 153626 56921 60556 94454 154579 101610 99058 199135 57527 130944 115765 162303 147390 166763 35620 18815 79058 145549 104893 27999 165931 94950 178223 102715 158591 155347 59245 13932 130272 179802 85142 98855 170030 75304 46950 141387 133558 55343 43302 115055 65598 53988 112000 32598 182221 14064 12014 41154 197063 116926 148721 133701 42381
200
0 0 1 1 0 0 0 0 1 1 0 1 1 0 1 0 0 0 1 0 0 0 0 0 0 1 1 0 1 1 0 0 1 1 0 0 1 0 1 0 0 1 1 1 1 0 1 1 0 0 0 1 1 0 0 0 1 1 1 0 1 0 1 1 1 0 1 1 0 0 1 1 1 0 1 1 0 0 1 1 0 0 1 1 1 0 1 0 0 0 0 0 0 0 1 1 1 0 0 1 1 0 0 1 0 0 1 1 0 0 0 0 0 0 0 0 0 0 1 1 0 0 1 1 1 1 1 0 0 0 1 1 1 0 1 1 0 1 0 0 0 1 0 1 1 1 1 0 1 0 1 0 0 1 0 0 0 0 1 1 0 0 1 1 1 1 0 0 1 0 1 0 0 0 0 1 1 0 0 0 0 0 1 1 1 1 1 0 0 1 0 0 0 0 0 1 0 0 0 1
200
35109 169623 59643 18189 112941 180621 76986 69795 29465 142355 50055 15265 94785 151585 64610 58575 28635 138345 48645 14835 92115 147315 62790 56925 17762 85814 30174 9202 57138 91378 38948 35310 34196 165212 58092 17716 110004 175924 74984 67980 21414 103458 36378 11094 68886 110166 46956 42570 10624 51328 18048 5504 34176 54656 23296 21120 29382 141954 49914 15222 94518 151158 64428 58410 423 355 345 214 412 258 128 354 83 401 141 43 267 427 182 165 192444 69119 91082 96304 167761 18626 151119 185767 198306 10780 125053 114032 61388 134131 161523 64572 75139 136557 97852 62727 152945 131854 96208 14546 75181 48872 122058 121611 147531 155173 83772 127891 39877 42954 153222 23043 38249 118804 2906 185315 154716 75566 111026 158695 179647 141122 109451 78549 63969 69825 163865 2119 45922 17237 36204 89293 33539 38909 145590 139317 18489 31971 179854 113099 113910 187297 42030 54140 182175 57936 184550 98019 182462 25648 143488 152603 126871 85620 129327 177767 1069 87772 19736 127746 58097 88633 163896 195174 139323 85093 142335 155309 162240 112523 150535 6415 150924 5716 45247 169390 30098 173655 192096 3159 46304 46831 140355 159143 79616 152776 42952 163536 10683 149405 19754 58847 112182 33184 15418 84959
3
65537 65537 131073
200
40460 40120 131580 138040 137020 17680 50660 47600 79220 139060 137700 143140 51408 50976 167184 175392 174096 22464 64368 60480 100656 176688 174960 181872 40103 39766 130419 136822 135811 17524 50213 47180 78521 137833 136485 141877 45696 45312 148608 155904 154752 19968 57216 53760 89472 157056 155520 161664 50932 50504 165636 173768 172484 22256 63772 59920 99724 175052 173340 180188 17969 17818 58437 61306 60853 7852 22499 21140 35183 61759 61155 63571 40341 40002 131193 137634 136617 17628 50511 47460 78987 138651 137295 142719 41888 41536 136224 142912 141856 18304 52448 49280 82016 143968 142560 148192 32368 32096 105264 110432 109616 14144 40528 38080 63376 111248 110160 114512 17731 17582 57663 60494 60047 7748 22201 20860 34717 60941 60345 62729 34629 34338 112617 118146 117273 15132 43359 40740 67803 119019 117855 122511 2618 2596 8514 8932 8866 1144 3278 3080 5126 8998 8910 9262 340 432 337 384 428 151 339 352 272 149 291 22 119 118 387 406 403 52 149 140 233 409 405 421 39039 163754 168335 141715 169138 184836 197193 101878 161844 171134 67988 58295 154165 121032 151621 132827 30005 176172 196521 163140 175300 93902 60122 72158 63016 16557 119207 40041 185405 19755 60615 7725
200
2580 1740 20160 4980 8520 25620 6000 3360 13373 9019 104496 25813 44162 132797 31100 17416 11653 7859 91056 22493 38482 115717 27100 15176 215 145 1680 415 710 2135 500 280 15308 10324 119616 29548 50552 152012 35600 19936 387 261 3024 747 1278 3843 900 504 9546 6438 74592 18426 31524 94794 22200 12432 15050 10150 117600 29050 49700 149450 35000 19600 60 311 271 5 356 9 222 350 43 29 336 83 142 427 100 56 157978 58455 17709 194364 149229 168979 131005 70152 13012 63606 184755 181228 27904 4577 150340 25011 73346 33282 162628 109424 127988 34565 178807 144676 152364 55216 166700 51246 170354 105787 182276 17442 169297 173194 70381 111671 80756 37899 187253 149640 11989 68713 123943 191485 151066 148147 194674 78054 191786 185717 122331 161490 41936 5456 13625 151564 65721 34896 100832 172836 77733 123687 156550 88140 78131 127256 115332 151758 191955 151118 155569 142734 186877 117149 129229 154172 181684 184840 17553 129666 151008 125700 120214 467 151659 75197 80027 58130 145424 197413 139225 17320 98134 150434 45611 189001 2170 21577 29424 27008 70573 5093 161798 82410 158129 96359 47366 119127 169213 145418 158550 138233 148525 131593 23016 125487 81864 124779 23257 174173
200
147943 137846 55753 60582 178673 100092 439 46973 38632 116335 40440 37680 15240 16560 48840 27360 120 12840 10560 31800 37070 34540 13970 15180 44770 25080 110 11770 9680 29150 33700 31400 12700 13800 40700 22800 100 10700 8800 26500 58638 54636 22098 24012 70818 39672 174 18618 15312 46110 6403 5966 2413 2622 7733 4332 19 2033 1672 5035 45495 42390 17145 18630 54945 30780 135 14445 11880 35775 107503 100166 40513 44022 129833 72732 319 34133 28072 84535 95034 88548 35814 38916 114774 64296 282 30174 24816 74730 124353 115866 46863 50922 150183 84132 369 39483 32472 97785 439 120 110 100 174 19 135 319 282 369 337 314 127 138 407 228 1 107 88 265 7831 91183 154266 12178 39698 155470 111390 172208 145162 20745 158898 122943 135521 191983 114871 77212 95877 183535 103538 101245 7415 118868 113935 141660 168430 120667 58425 66124 47072 124554 18221 45833 51278 19836 521 35585 118491 70883 87242 80412 142762 172541 9844 125519 170892 17221 54863 158672 113274 3110 55306 66875 130767 820 139625 100345 74525 11870 58333 177877 142426 129812 131359 115223 67274 148635 114224 138291 140318 150572 72316 25873 58001 145201 137608 155133 194761 141478 182305 98773
200
80188 117332 114710 117657 122747 87964 178224 119866 21816 96861 45206 117207 37817 9815 78310 65078 83243 155969 65753 135917 170911 112569 198479 80093 165581 25096 171576 40660 169254 120077 175051 189871 153860 99651 140960 26939 88907 182663 93803 137659 53483 167060 61788 170075 177931 152883 113075 105327 48711 49105 19658 22132 183999 107500 30992 118348 61182 152377 29452 132480 133853 59766 186982 180864 24297 94954 49654 129746 147511 63100 6478 101064 127095 100093 170163 182386 65315 193230 39022 10694 25488 150860 199294 19263 178477 196799 151252 104779 196285 150315 195969 38671 14768 75769 11135 69 48624 62406 72115 16225 143586 169369 96255 162637 64964 194648 176537 44312 31674 196727 34987 169840 94445 11557 164023 53937 47853 40000 187436 185903 82768 130412 11093 155877 65899 46969 108109 20282 149137 130701 198608 53495 35844 83396 144374 51502 61320 191246 140609 43308 13584 174114 179957 164143 171795 92968 66823 41554 109339 7453 75530 25055 47191 159847 161226 11936 119950 42242 146032 153452 145874 166951 171792 159555 198512 103593 171330 77862 10005 154722 47739 104335 61726 134425 151183 57239 181978 166487 39818 144297 132052 198531 99730 117154 88233 118099 16650 19346 180001 77490 174484 89680 17564 127082 175893 147843 9455 55498 178929 69721
200
27552 51414 42312 26691 28044 49815 48462 45264 40098 5166 36960 68970 56760 35805 37620 66825 65010 60720 53790 6930 37856 70642 58136 36673 38532 68445 66586 62192 55094 7098 35840 66880 55040 34720 36480 64800 63040 58880 52160 6720 4928 9196 7568 4774 5016 8910 8668 8096 7172 924 5600 10450 8600 5425 5700 10125 9850 9200 8150 1050 70784 132088 108704 68572 72048 127980 124504 116288 103016 13272 66304 123728 101824 64232 67488 119880 116624 108928 96496 12432 61824 115368 94944 59892 62928 111780 108744 101568 89976 11592 6720 12540 10320 6510 6840 12150 11820 11040 9780 1260 123 165 169 160 22 25 316 296 276 30 224 418 344 217 228 405 394 368 326 42 18010 170706 85731 68793 1667 10811 79791 182591 102127 113712 30112 983 143945 10849 166367 152527 126120 159442 178134 175322 128161 95327 68463 152958 191909 140015 87715 83308 83036 65849 158822 84996 9082 182952 101540 175080 5994 80664 184374 14209 8946 71761 84033 126125 55760 69715 195301 141791 187 138877 129921 93588 88859 132567 168982 186002 193126 153576 106594 45277 30726 643 126479 11304 104444 88103 23510 24951 96864 18722 159488 105682 46328 164974 35938 122642 14179 14520 115941 30965
200
186321 194328 162533 83375 11790 131493 415 160544 95327 166107 80353 43846 93096 11471 76363 28692 42195 27908 32008 122787 8132 85168 93083 2051 196896 187947 133473 158761 42507 12811 15666 92253 78539 56975 195035 91097 163185 58202 180687 137570 72771 48583 133560 158023 163989 53035 8080 148081 187385 189771 33107 185354 41465 15683 147796 57291 158737 113488 139707 151258 194572 49440 65772 37235 55476 158173 71548 34926 53927 6673 101741 50458 86726 104371 102018 78302 149509 6702 135534 27080 196328 151253 119116 20041 114823 158012 153218 5894 199771 100217 125363 160771 2616 161493 142351 187892 87079 198303 97501 89805 45684 82347 65239 157440 32037 197490 131166 194567 52135 44074 187073 44468 38914 62367 92742 143447 159949 20822 85338 48083 114917 165068 34434 151245 153926 133590 39358 192757 9618 141123 90054 93497 112174 170309 106706 82359 155595 115100 136471 130891 161907 149879 141661 1689 10951 161045 82890 66381 46661 174639 43920 133812 162267 36370 66075 93798 175042 49205 51726 74192 93798 72855 196947 37684 60122 168849 163796 3496 169358 19962 128259 190927 140968 102652 162667 70062 91467 149561 170437 92575 144752 157732 131507 127619 53339 160277 31355 75939 31976 182417 142006 138026 60945 187779 169674 151993 53565 115605 179178 114181
200
186489 31540 195169 42160 172688 150502 1975 65055 9010 83348 19465 168031 192574 169656 150319 143837 67473 131245 89517 163317 177778 101023 55298 111058 180491 50917 143010 128577 91334 66300 48513 30858 187772 143571 81301 97060 182110 107372 187311 70105 83920 146207 59381 142862 166236 94990 70334 101480 17748 73844 105821 189023 49736 99690 98163 111839 22184 153657 171326 183750 108768 148423 33510 80981 43394 82155 133871 13313 161068 7035 7823 52038 135066 34540 18302 137433 170849 11732 170017 187472 97124 160355 64381 102837 139523 135523 69416 19141 79592 127332 47748 173325 148263 54880 34383 105721 162726 114501 165954 76841 112923 81652 117270 125482 76673 134919 99988 190601 182277 95703 128381 172847 25591 69068 125449 10379 148174 71254 72906 149155 85300 16726 185419 49669 128100 140319 4333 42756 86991 1130 50761 103567 195119 145958 143825 42661 154971 129123 86088 77179 183379 117926 143784 133707 113177 56338 109639 95111 104112 39438 120843 165475 162675 54100 186562 87352 120714 119736 173533 23692 14672 74262 157099 28880 177706 66996 86573 67677 87387 162959 82655 20206 160574 28070 47623 27260 19939 106414 152100 180177 69439 61651 90672 119585 170724 42632 153974 145801 64763 147736 58910 48345 102207 26596 34807 98966 93240 140497 3077 182796
200
1 1 0 1 0 1 0 0 1 1 1 0 1 0 1 0 1 1 0 0 0 0 1 1 0 0 1 1 0 1 1 1 0 1 0 1 0 0 0 1 0 1 1 0 0 1 0 0 0 1 0 1 0 1 1 0 1 0 0 1 1 0 1 1 1 1 0 1 0 1 1 1 0 1 0 1 0 0 1 0 0 1 1 0 0 0 1 0 0 1 0 0 0 1 1 0 0 0 0 1 1 1 0 1 1 1 0 0 1 0 0 1 0 0 0 0 1 1 1 1 1 1 0 0 0 1 0 0 1 1 0 1 0 0 0 1 0 1 1 0 1 0 0 1 0 0 0 0 0 1 1 0 0 1 1 1 0 0 0 0 1 1 0 1 0 1 1 0 1 0 1 1 1 0 0 1 1 0 1 0 1 0 1 1 1 0 1 0 0 1 1 0 1 1 0 1 1 0 0 0
200
5049 12936 13266 11517 9141 6369 13629 4587 18819 48216 49446 42927 34071 23739 50799 17097 0 0 0 0 0 0 0 0 20502 52528 53868 46766 37118 25862 55342 18626 15147 38808 39798 34551 27423 19107 40887 13761 49419 126616 129846 112727 89471 62339 133399 44897 61506 157584 161604 140298 111354 77586 166026 55878 8109 20776 21306 18497 14681 10229 21889 7367 33 123 0 134 99 323 402 53 153 392 402 349 277 193 413 139 107144 37446 24201 3788 22933 52362 141881 188355 51065 61573 122900 132856 100043 76437 81491 186254 56086 14862 143076 165910 181553 142758 85367 164455 186031 161382 31655 70930 109398 92678 130127 101777 131431 55627 16623 32769 49693 83800 104827 113199 174673 172836 196925 61677 113094 189528 141161 197217 19873 95159 34685 142927 193993 151304 41712 106634 63970 31239 48215 120307 46718 156188 50988 13156 18946 72997 106094 32256 170773 133753 139862 94306 161033 126388 14282 179585 174814 190965 103406 81843 105416 21043 130863 132517 160272 127834 128531 33154 102376 120324 131158 87379 153556 65752 57370 179793 142331 160808 73657 142839 166386 139418 101237 126990 56347 6229 175060 191315 128758 113735 18956 121777 62881 21046 131470 27546 141277 134548 126715 112276
200
76384 39072 71808 39776 120032 85536 134816 88319 45177 83028 45991 138787 98901 155881 4991 2553 4692 2599 7843 5589 8809 46004 23532 43248 23956 72292 51516 81196 28644 14652 26928 14916 45012 32076 50556 73129 37407 68748 38081 114917 81891 129071 26474 13542 24888 13786 41602 29646 46726 352 407 23 212 132 337 122 217 111 204 113 341 243 383 133725 155563 35337 3450 79728 111678 162726 37372 150206 29816 195204 86866 38425 15406 35958 40530 197155 161407 76055 105223 6659 141204 76081 2508 54817 175470 28296 31835 4882 91128 100182 17437 114597 125577 139016 6625 117707 135104 111303 169962 55305 195478 4750 29437 71645 76338 17861 177127 139076 13477 51676 103044 171669 90638 188132 81899 160239 82321 181799 118326 172018 77726 87909 189490 126999 16723 169463 119309 169680 36616 108599 157229 191701 78309 51819 59071 165894 109245 64510 57799 5541 151512 148609 36727 37716 81878 78042 140342 63925 178425 65617 141344 76328 105662 190698 61835 27471 25569 116393 15930 146154 75479 50843 114942 193135 17751 71337 5382 98628 26736 169022 150286 173402 106614 134582 157519 69040 190127 34333 163794 166326 35943 34516 7600 9863 11617 74549 20224 65029 106174 31356 19430 191264 179106 117027 102754 64576
200
166412 95691 43276 87837 746 64617 106944 32274 52797 149450 101839 810 158167 51921 85430 192004 6509 111794 68268 74869 81558 5204 146519 23754 55012 59541 51843 111146 59633 146482 95619 11278 89405 46312 63125 151010 142003 192169 87737 92835 51190 186890 171638 81661 110936 169570 87039 166321 110143 131043 178017 171654 160365 113697 3387 129249 103687 136777 175782 14667 126403 80952 152299 102788 84038 136254 135036 156080 153082 144345 90433 42889 88633 108213 55580 153414 95048 38254 155910 28969 175776 183815 158943 126419 92801 93865 120473 88090 64285 53036 106074 95696 128956 84765 91678 121831 74061 47424 125896 134790 53564 8625 61484 117572 32006 48805 60110 181763 115656 86599 9294 17161 6581 62311 31225 143 71760 105265 171158 21508 74535 137264 76127 139944 114836 86091 105022 116936 153652 188145 158495 14769 159937 83004 172960 3118 103906 140860 27918 81949 163981 160897 54925 73495 92053 73108 161474 73075 21440 194355 97977 180215 114635 130350 7293 144282 37011 107335 189189 3705 143992 186562 117285 67892 140165 52695 155287 40653 88030 185036 165793 18989 122065 150344 131033 126295 50550 13569 102192 76990 67461 50152 37270 117606 107193 26298 59383 103157 100695 20090 74584 96543 124187 51885 5488 38726 61454 31771 52189 183030
200
142279 89992 90934 115711 130864 168246 184720 190756 98951 161043 137820 117833 192219 190480 83290 156725 73475 185380 146792 63830 23696 191861 147245 118839 14271 184764 52350 106930 120861 117908 192614 76240 112560 169667 5366 7434 20433 44874 69489 131161 114784 69165 34446 177124 50816 197869 28773 122097 87352 93349 180721 100059 196940 94100 73525 66193 8975 102416 142855 60855 13382 25234 62674 95123 66422 35407 126864 71910 19537 112491 192199 61384 96880 88129 124609 139133 119831 160031 188306 4585 70703 138242 187986 53575 165208 123354 31794 160778 76074 3185 95461 24492 60276 182858 122243 583 18801 197804 2781 104407 152478 22659 52297 117306 160541 76849 85998 26250 4013 91503 151608 152506 163469 34429 164065 126145 184655 43070 189146 53296 118086 171626 182600 158646 81427 64657 56993 104887 85432 33295 183988 20019 187090 10957 112612 169463 54695 44907 194824 159801 6827 143427 48324 33333 105904 151085 182904 175744 175672 180576 162278 71254 132201 22302 119602 143538 139143 109534 79081 81589 52970 111156 184970 75697 35299 155624 2970 178937 78727 69523 95798 161737 106831 133228 79739 138575 159688 19742 169068 157479 198132 152319 64030 175309 195575 69669 175626 81673 140438 175832 179649 104363 140638 163741 88895 16308 159904 198702 19790 7441
200
0 0 0 0 0 0 0 0 0 0 0 0 0 0 0 0 0 0 0 0 0 0 0 0 0 0 0 0 0 0 0 0 0 0 0 0 0 0 0 0 0 0 0 0 0 0 0 0 0 0 0 0 0 0 0 0 0 0 0 0 0 0 0 0 0 0 0 0 0 0 0 0 0 0 0 0 0 0 0 0 0 0 0 0 0 0 0 0 0 0 0 0 0 0 0 0 0 0 0 0 131344 181737 97991 154122 143397 31182 156273 39429 90814 22308 44409 46050 46355 192785 180242 116494 130903 13179 86177 181818 10184 85275 86900 21334 165816 197102 129244 153376 99967 106706 80708 7633 162853 3174 145081 84924 77341 33041 167836 60287 70286 150900 131242 64320 100410 195907 147070 167209 94808 123232 13657 82798 133654 79123 91979 126108 109159 77700 25956 188194 17713 118715 18760 182647 173658 76889 43212 145707 59759 76476 123677 185285 36781 6431 41091 82156 99806 118557 105878 72789 96779 196062 152990 169933 140560 36634 170605 170342 100452 42590 123202 3163 184905 196419 39877 11479 17248 9807 142105 45455
200
161076 124271 190953 140292 81837 19485 56723 48063 866 17856 13776 21168 15552 9072 2160 6288 5328 96 134292 103607 159201 116964 68229 16245 47291 40071 722 1860 1435 2205 1620 945 225 655 555 10 93744 72324 111132 81648 47628 11340 33012 27972 504 132804 102459 157437 115668 67473 16065 46767 39627 714 77376 59696 91728 67392 39312 9360 27248 23088 416 57288 44198 67914 49896 29106 6930 20174 17094 308 103416 79786 122598 90072 52542 12510 36418 30858 556 433 48 361 5 252 357 208 154 278 372 287 441 324 189 45 131 111 2 164334 145333 191147 184281 39028 117483 71544 73675 41242 84900 152133 37636 27482 6993 82704 172171 162990 85892 113852 168368 148326 114632 152598 14547 125136 3534 100199 67161 41302 87394 191867 44192 35560 13124 83852 181118 166412 112601 106587 7053 76075 134191 160257 137464 122593 100802 17851 32574 76453 168329 126692 75455 27947 139038 100421 41291 58000 40982 131000 43662 193118 44440 92306 126173 9042 104871 69783 140190 198757 58861 55290 77437 184325 122217 127889 164625 6701 141347 24533 43084 182659 23229 137161 192371 89385 14346 186924 54963 29944 171854 79950 4835 184614 78457 190363 113245 68028 46520 134656 2442 132457
